0
6
649976
3385
12907
38
0
171495
172794
13614719
855
10155
2364428
0
1
12216
149847
0
853
1
1597
196896
35197
12678603
3061846
11623
2
110785
1554
253158
9048227
728199
89
0
463890
306
76196
659064
34792083
611
66
30223692
367644
625237
106213
1
74860
5878867
108
2257
784125
4786
55
112
546
13
5611
7312568
8880649
1
8226107
7767
9601
258
32346839
6421
95
2
16938665
1
7250
865
117
9595460
12226
3761
15123954
0
719671
835818
2241005
6
0
202764
4451658
72151
465036
385612
39998958
6274863
51
203
468
9093
36558
3052224
1446
2828978
101
1537
14001
4005
142
17
10
25865
1452235
0
13303
6965
19227321
572913
19075
6508129
66418
2854524
12
34
320254
6
2
112
0
1506
0
294164
14364321
58
18
251
6109731
107225
10
179095
892
924
7125
9
34096
3031257
35912
19242735
19614
9
30604686
1361
8
22931
73
5817
3732
21155358
6
26
259
71803
6
105720
62754
1468908
67
4674
951
28
0
7824027
1883
8
16860385
1400
6
5972961
2
12
1
611
74
7
1044117
3185
456
3015
1624035
12944083
106451
36
173690
8838044
70
3928345
4256
7970
43099
1881493
652652
3613
17988478
76331
2381
2124981
204632
257676
32618028
18926464
3338876
148
14032
9285
3
1498
28305
5123889
2412
415703
4528879
325483
1410952
277835
511372
0
6011648
11225
3685
1
313170
5862
141014
181308
26
10059966
4277061
6429756
15771
8
2910
33839425
36
2690
242
9323
5569530
2398
3977
1561569
609
33
39773691
10
73363
57162
0
0
882311
398683
259
1604
182723
176658
29
2594412
289602
2275262
3
2
751219
72187
35
34
2
943
18227796
16876798
961
101
216333
134
937244
1056956
1749
129
23
0
22
30569510
62
1952279
7
1119
43573
17
2261614
11
33048991
80
51
3
39
79039
231303
1274274
232255
620772
145635
77266
1
41468
45
257
247250
5
732890
11456
18847
34585
315
261211
8
12
5491
3886371
1748456
19858
487882
244
7
11966
221
34665
9915
2039
83
669
1019
2731
4629
926
122
2
663
75
151521
163795
9202
407578
355769
16107974
3513
14918880
270
3496
9749
126223
1198
47296
32272113
10
147115
410
15151
10794
2295922
0
111
91410
16400
10266958
96
24570576
66
2949971
223443
3211
1866777
0
12
279845
284143
2266
31327
607731
35079060
229985
123
630729
15
0
6623
2
13
8041201
1041232
557168
2258
0
32673
9986
1
15792
959
36
891
68818
121229
291619
14346
124
1829895
690
194603
218
0
3
10441
921504
40
1
1
12
374747
171
0
4792
3294
10260
2713
10
138
2476337
229817
28843
178527
324
1
32476326
15337
0
3629617
0
766
5938
28032
487563
172902
13743
0
5
25943039
21
471
54958
48976
6
18497
18804901
523
2669690
26332599
83
72
1810
1741968
7344391
63
708634
226710
2991
91
135741
5
32
4
16648
0
16
42316
2079
2
199114
735
2585015
5
25938969
0
2
6452
824859
13464659
70
550
820283
7152
582479
151837
180098
663165
0
48
40
22010
108290
57425
684
43
51
109034
13
532924
12
0
127643
5
17337101
5378
62105
9628952
0
38171
362648
6730
1
2483
10111
861206
1
2536
27645351
3993
311
2685
525332
29
15
698
14810122
22520763
77
1
5
11500
12
9848
3
2832125
648
1795
301
313847
28334
4734097
680253
2602277
247064
947
13740271
47265
575
14564
3171
1195
58
2
1721
4343
149
3
36
1442649
11730
143860
4117920
62
303222
91
844
2
3454
50
1287060
6122
0
95
133817
1838
20
22010847
7
1298198
16459240
15
47600
1
439
157
8520
2166637
2504149
392567
313
1444272
75030
0
0
10
791860
1
10135
12408371
40
29
2
246633
277477
6497
87
303258
777
27
50
2244
4122
3950205
27672054
2617
0
10982
0
623276
36868
2060546
314
49
13808
2030
1237
32715133
23305663
3297265
4396797
224
9
38786640
86018
4017
12996257
211129
1813556
15104
26401
12
16242359
2006549
11
0
408
4
3
10039
0
21576
3671916
9708
158963
472747
241403
0
23
149432
426
1
8
10845759
40
803
33394
14
0
212436
730031
314659
2
35722
11673080
12522753
2024
7972
2376156
10508895
44060
375220
10141
6064
12
27160674
27142
109
12601
241815
139467
3
17181
51762
141723
6555
25832
35142
2468
10
7458
427505
0
1
10650
266
0
64
4
846
18158
40704
52104
13742548
862483
9072
5627
103649
235322
1330
5645
4967
297405
13243
116
47211
124
262944
12390
14450256
53
1484
40927
1041417
10689548
179549
2001206
11725
48
8
7545740
72
106205
0
13900791
113
3791427
121
18310465
8095
5
1567
258866
2260
4
779818
3
2466
416
171
672967
371
321
1
26579
5487
28
4
26374441
4185873
6178
635
1515856
12
12
1
9
4019
810
5780265
1803
1450
105796
211
1
1783153
7312644
10554085
7764293
833548
15
26230
0
1473812
10679
3979373
117
4546558
33900
949
1708011
11363
14846331
1673
29934
581408
5502240
368
21
523990
344538
5353572
1
295671
5344363
547
2
12
1576
3
159431
22014
1741933
5266581
823763
79721
7174484
5286291
5606
4
765
841
199683
5
2
8
4778
287932
55
981
27054938
71169
178635
8803759
579
3820263
1263581
1967
1
6984
5349
2931
7114
502979
13199849
181
9
4
2
25566535
1346
56
21895566
2467583
25
6
25
375
27787
2422
33192
2116
644
836
42900
1988
9
147368
37400333
239752
1218
3227927
1945666
1244336
720
0
4966
85316
97240
94547
1370827
763
530
955
343
221755
9
154
138996
3518874
238
8
44540
0
10793515
831
9642
415
92
152
2474905
5
78902
0
3348
755
11
652788
136863
0
1276699
21357
146
1541
266
9311
345951
2854732
49
3799
709
0
1
28
23462
2387020
1752
2736185
158
18
529
13482624
35475
654
3667
70004
16027259
1288
0
2633
39818
573096
4154952
6
3
135277
2463546
30701
120255
29965017
0
10910583
24
23623277
10845
121
349812
36136
2623789
2519237
123016
420779
91487
456
13405
132553
280
4523079
2516
10287579
116
18104638
5
1554
2592453
21668956
334
11468
13667
1899100
12563145
129672
61
15237871
40384
6
66
6082474
24
12
2575819
44663
64561
2696012
151160
991
4686280
140198
4
0
163304
71152
3141
27135
0
472
3561938
676
126378
28161
1
536288
123
2528
16
2
7262079
35598161
38589
0
211715
5682
24820
7078496
2180
203256
28
5144
107
16757432
63
18566093
4718
6
21275855
3689364
37
0
1032025
0
20791900
88865
26682
7
6
2122425
7402
114680
7842
11525
5
8008163
144072
118
907
990
2369723
61
5
405452
99978
27
3196147
0
3
21
563
983306
346246
137803
30529
470
11
155
14
42
150378
1264
6060437
29669
395
2291
246410
2501781
1214843
3216416
129
92
14
13085
1
39523652
591797
5
13
1836
880045
35
2157
0
12444096
3
95
5175
1231567
81
35
130
810
31
12279761
751979
57377
27873
517
8679956
25
4
1197436
240154
0
569720
4
6988428
112174
426
838
36
324
0
9684584
1086468
1027
417405
2388121
5231556
6
407
15401847
576
478
2
25974
929666
2961321
6342
1873652
91017
2215
480
452
127
10488196
67963
537325
11
930054
73
52985
3533104
237
49704
6
713
7
88
6
28
595424
1
3401
21925982
52
25
187416
2
3511206
10
5
1629017
15957958
0
1
2314905
8
1421798
45
1142
42193
113317
1
32197734
1720009
1486
0
4
26426719
4367500
149664
2505447
56
332893
35657
41
46
0
2779
1386
13235679
0
9130
751
3839567
1254827
50612
327
65436
110696
93706
83
0
32561857
31
90365
21134
757
5
2845
7
33266
15395
5322
6069580
2
581
3
178
2836551
9465012
2245199
24657445
1748885
1343815
2747711
2825
90000
223063
1824506
4027
23
1192
12724417
3954
778
9828
46
7513578
31923233
7
3374
205180
121
1373
495836
0
194
23
1746180
112
337679
1357
1079093
365308
28478
76600
1360565
0
69960
430
4302
6219
12198
256
3737750
7
1140
910
3075889
1
3277
771233
157
21448229
40359413
39757557
510495
458
1314509
26
43360
15456
72
27
27760
9173
567088
49332
33992743
1357180
19141
9
4
10985
65
25852
344
171030
1
2983500
5097647
329
9
532652
127414
1219
32813
19373
6437
55324
11542124
54764
79
0
61743
407
0
15
51749
1794
24424
420229
717
614
748
2
31716
1617
4
290
191446
22560
4733019
12699
26457916
1
4583
4
35456488
17422
242432
6
4553
1
2645
10289251
2388
3775094
38516677
17356
5
3070096
22
133015
115457
25873068
3322
12
8
132
25774486
41277
3392465
1
11696608
17405799
3915
129
3485
2038
4295658
26
875
691492
1777321
154073
360851
185523
235
14
201307
10812742
13
0
16
17
25
142489
158761
9808
280
3937
267
3
4619697
2646
9
107201
15379204
5649646
125279
29
15
0
13
4
566
21441
22144508
64
0
0
6025912
6044244
9500249
16776
15
5665
1783224
14058100
31687
17234
4294
625032
331
15
9042
807
2254312
23355424
0
185
3142
6476999
2927858
70
446782
2736545
1765
287386
1290
11493
11341
2
1239
1025943
93
209
20
661523
61697
95295
301
10
19
3179
13003
12
11725324
1368
0
14
22997
31703534
8
338
214
498
12
273
795
88868
44589
0
348
2
15793
6098
144
74
2380
120299
292
0
25660092
3
255
19276994
453
13
31734096
4
0
21106338
1082954
39
3
76
2303
61
130
17333
5645056
3360453
148070
20134
675431
7866643
3460579
697488
51
39233202
87
731
179
546143
35254887
781680
1957
89321
3717
3
18
4098301
7605
12793437
7359461
153
71641
26839549
15799
2352530
1
21
26792387
766960
4576145
0
9978
736
24399664
23
46
40545
7172120
17411
2
939150
848646
286984
1
5766629
1
36945058
102
7129
198778
574322
16079650
207242
9271663
15
1811239
131
5159
9129446
262093
1144
14
7932714
32
17068
701
90
1562952
53
120929
352
10663
3048
48338
139601
0
1934999
762
15174
24413024
553377
1242288
685588
3067
1311
63
258004
35
125830
1318
116
405
185
202571
18887575
958678
7907441
0
26327254
1
1391
13
1302260
0
44349
10909661
4
16075
1
19745
853
5117
980
1358
20680
15148773
243808
35612
0
130
918
548717
23257
18981
100
5
12
498
1606516
94
22
1510
100117
12208
1
4156
786
3
6337
7
36
2336
487
36425206
6664806
459
2373
1433068
30032634
185
28265
18188
8
8055
7137
414939
2
37
15
882
725
92
13
3648763
64
6802787
1197761
22276630
71
134
17516
344409
9429
5607
476
3772868
1449
0
9901447
20605746
24509
38968968
1169
34384
1553714
1347
0
16196
6
27306
24218943
179062
30
22511
2353098
158
202
28017158
31436890
32051
334
10557
2
1590934
180068
39005
29
27
13
126
25
1237375
4729484
1158261
2
12
66
718747
9736
996
4432444
333
40369
992662
32393489
18907161
2057304
940029
195725
2850107
70212
810180
1089
32947
1673
1432333
4788
211128
1759137
17865
164
33975
4499
7434566
1980
84
3733
0
119145
2
21894
172029
140876
543712
107993
29943148
123
1037261
0
2
1
11923406
35
1012397
75
140
480893
167
4407
8995571
11205040
6624174
71
615071
187296
4019
4466
31
8033
7326688
2535352
20329878
25833710
10368734
9
89
1086
853927
841783
918901
3137
1632
81303
98272
513909
2305848
107
992859
18
5
1128974
35265697
2
1830
2810059
77419
16123504
2021
16436810
1359702
760
66
2275140
0
46
3
3966426
0
19001214
2108196
4509758
8883
591114
39239237
1596
33
1240
4
575
3
29
913
2084870
7505908
22893201
1865630
1578
1877618
382624
3377
1528
37606
45425
140618
32772391
488731
0
67139
6
7122913
168428
307
54
2970
177220
83
9
265150
41884
211844
1
5397482
28
37
436746
1089316
20164110
324455
500534
24
36
0
2718165
711199
38
1678
104
165563
2569174
0
64074
77623
3329
4
384428
0
1466
14221
3
87285
2231
0
60
316
75135
741
15967
816578
2
734787
0
19
4185
2686936
371
646
3485205
1109880
120
1810173
262772
7341639
4614900
1466
18
19027
12489
468
384806
25360670
53
8
55
1431377
2039896
1180
4424730
44636
0
644681
5733
28305759
507
416688
13
5328014
219
167698
10
144
8515095
0
36950
16065908
2299539
24282
33
0
31159
89292
11
1
208
27116
649
32
0
665229
1
113
841437
720
190
499
23439222
63476
238747
431
10
9552
23162
232963
204654
1588956
3396
464288
12
304
0
2438
1531002
13256003
22362
23832
27773
32966638
406483
4
8701
2615
4536
16066
32903
9
387017
11320
420
34465
0
8842529
672394
8264
1370
3677
12
220583
0
218564
15
71
16732467
526746
1964507
146
333
114003
2533981
1809
2472
2061
1
849
93536
9902
31
478126
204167
9100
630
7461
5
1542
1747519
0
14841
4
438932
75385
17474
8694
279210
8901
356884
26950198
271919
16577582
834
72946
19
5841
195
197124
248981
3236644
6004
1405893
17
2883
51
0
11783
4727343
374
3389
159203
21
40394
525
1992888
1769
1
3002443
7
11384864
3621537
1965970
0
26621021
114
462826
3
2288414
1026727
0
1332588
47049
0
16713
68772
0
226
28468
266
106406
1779241
460278
471769
196190
6
634720
245
0
3
24846
5790649
33
56936
59
5268272
2
757
38255
1487173
959
99623
1342752
1
29424577
37068
21328084
324
4126254
71
4371
11
4644257
320555
0
1
1177437
20
0
55
183201
23
106021
414
109
248
0
29038689
46
128056
40
12357061
1
1100864
145
105693
872
18
502113
80
13085
0
129
5334
13649786
23601398
34025
5956518
424
4530205
0
22
226
44
8584
1893883
39
15704
22
19
94162
6834936
6532
122
8
475
19
220365
2
0
559
62
170
25419
865
469
4335160
147
10422399
266
561321
128668
1253963
13441435
9564
1279627
1627963
208
28955
277
3
1
209466
24
2135
9529
277
15568
30914572
53273
0
29597584
11642
91801
69437
22
136
15
2572
12333472
8
1104
4779256
24
655564
1425627
4493050
2109178
306
25533
45254
2
1537520
4
1590
533014
281
122602
7667
8093
7417807
16
3056
99
1364
3146
18909715
20400731
5194
16
191040
9514
8494463
40311
1167
524131
29185869
426
806
21808872
2289150
3
7
3
1086912
1262746
991034
803
469
8
61
3
0
5
265182
312394
2
29782
12814985
34376
35611
37359018
28161
1
107
742
79
56
1665929
30389850
112
7
0
89332
29366
114206
13501
469
10574940
5369759
2
15
3376819
5306
19619326
3
41072
5
2145
5
1089
7
125831
1721
156422
81
4425
25082
996932
20
50
10
77554
43266
5516
3
0
406
1077106
10125942
1475
12862020
95
64
1319
1394433
8
33836
37654
1706544
176348
9626
2073818
120830
18000
854
640530
24
6
20871
26166
255714
48932
91
834356
5
851
1
5
0
13
1257050
424
124
2846061
42
6
8290
89
178
135
4
8679
9
29055736
2043014
8478260
199722
212
44
132946
13
26
243687
4
2
0
6
20
51
3115929
3723278
152
649
4869
27
135116
207055
0
746307
45
0
5698502
53
319611
19
1
5135233
86886
1
25192
14133144
13299922
5956602
550
272
14716
16
22697833
12
350678
31892496
12
93062
124593
14476691
1
951151
22
2537
6716
6
6878
388
835
622
71098
385189
13811125
879853
0
4288341
7909
1685
1019
113374
14169
65348
807
4408
14660699
829798
777556
91
949108
2
128236
23439
8785649
190
1
8
4445
348881
0
613141
64509
1
52311
212377
6364
37810515
800438
30998
870918
0
205
3893
21414551
1503
11
34
628
2536983
38392
20
29778
1878244
1
3952
852725
1046
2165
293
170
9125783
186
8693
56217
10
71
15411371
30941773
7581
7746593
6005
0
114
40276223
8083491
0
0
1
7900580
10
13437
14683121
203
154
624
2
20932595
2656
122212
2729
32038
17132278
9716
7774
690
200185
14302
1661
0
1486736
3
20402713
30154
190866
89382
4
1838629
1
78365
10972
14
723
530460
108977
146927
4
494089
42294
12912696
35
1
29544
584
23755839
16
1769379
92
8128418
22612
0
5055
35217821
245718
5
1751891
5802
0
26
1
1588
0
3
25566966
1839
39994
9944603
238
0
1482976
53341
45
1245
96
4137
28
798
96061
32063741
33859
59
1976
212977
35
102
18631515
0
492
4948
7
198876
40
117
7
24012
182730
338137
349521
1069809
84
1138
38501728
11
25
5
11
2487307
1
116
60031
32980
476
18711869
539
6283
9
101
10428
28910
4072785
195
18668349
0
3876243
43
8594093
79
17663009
58
7845116
4
636
9324
0
1463
302
126
31663
2182280
12604176
13895217
4774036
4
10036388
9514
3528896
7
7
82374
8
271548
69852
4607725
4326316
87
51945
0
11822
20378190
632
13282248
17557
21582457
168
415150
28745
3226
20
15
851995
19938
17103
344
0
5010
745347
25392042
5461
2397589
1066404
7
0
618
3749924
581
418618
98745
331
427
57
7
1711174
429
3
8784700
24
10764
50
9436
29
19
1
7349
29538455
7481
11726
489
603
299
116
53805
2987
37026208
6685
4626618
13206732
2086026
2677
0
103
282301
10
20327727
4310446
52434
14033408
1845847
10397758
17346587
0
833
15
108
135
145
15705
49
0
8
0
4
55632
25
10
11
51755
17361
835
39098
3048
208281
417179
202
8
7372860
4
73467
23907397
43114
6
71203
6
12003034
6723055
0
48390
189758
0
43392
50
1569215
14
177
1
12
5438
1736287
185172
6276
8
12089
8612835
2188
48
4214
68
1674821
38
148
108925
31
44
249
2
647
0
4998833
3991105
26
212818
6581
81
10157
16771810
4
127
23747
26
4
7850886
3276500
51563
0
2241230
43
0
3475034
6462717
90467
89935
0
4278550
53
3
68
3956070
2855
10013
39099
5532
633217
0
85
13
4573941
18732
2164751
26865101
8048
208906
60227
206837
0
105
18
1699
36509394
52
7
1718
23
3
389
2035
175789
3560
221
76087
957
675828
4496
1753
91891
23468
1
2114
3837
45184
56711
4567
25461121
49
10
9348
2047
28407633
34725592
1850
1864215
146380
13571
25
192
1028749
14478450
24
0
9
188
424127
333
5752
33163561
761148
2634
0
122366
116692
14
4
68
959291
11752
2593
11812
10
106715
38471
8
2530106
9396929
44526
282023
26
1
5748
800
248722
2955089
1368
73
7682845
53
16
779678
11361704
1773508
20606
17216
5587
0
12860
1031543
38138
9873787
11
0
342280
8682
1317
1
0
1
1
4
27615745
857
59
0
570
1632
1985858
14993145
237
15757
340
7180000
95815
12383
661
44
10
9543045
0
40
49188
44
24127
19
1575
19
77001
993382
232323
0
64
14523
2382286
3651
96160
22486763
414010
8777152
347
25327
22603639
22108266
37134
87889
0
6763
18810
580459
150
916
6842
2509
188
12148834
0
254
624808
30635521
1958
3
0
4441914
3041
4434
2372
419
154764
0
18211
230
1328
1032494
6619
14546
164
19339
4110171
717
341
10
4307741
33076816
4
111
0
30001
4615862
60761
3
1492510
8942280
28429170
675643
31
3232339
15
37435968
133388
431
869321
49
19457
17378
235
2
19470
26
1136
12531523
7
6510
3
582
27591
647921
706
176640
4
2549
11552934
18476
11394687
356770
138108
246204
0
1071995
83
3779417
6
1176158
5
3562
593857
7796
0
8843
49593
0
125
2157
20
14119010
12121885
971035
2093
6461
1
2
67763
16181417
0
284141
2028
8434
1201
2
99
632
66
693
4604515
16
5199
3
1
19122930
85
947
24
51998
33047038
25
27407
3116
14
631
0
729755
415
3
3784
215813
21817330
39
97498
17
8171204
1687859
3177555
65
0
24160
3351
93
8975
2712
7529146
1
684
9585857
11717
73626
0
27013139
1
490
15108
3152629
2860
21162281
3235
3759980
0
4416919
3110107
0
3
490
0
68818
117865
532639
86089
80
41787
5486
0
8
627707
6168
8005172
166
4807085
23730812
4
25902
7
344386
2913
909941
4786644
429127
276592
1413
2020150
1748965
2893357
11105
1186
34045
2486
465522
492399
105
20568454
508052
196455
1849
1484
2977958
0
4
6450040
189438
1445
143
4300205
69
257056
126754
1716
0
54033
5189
288
5
9459
1265
1845
5192
1188475
338
3557195
0
0
1164
19897
50479
2029631
1950
565
1895
1337340
3
5389
4639
4507
24666
0
2
300
808
59
80988
15739762
23
2145
1
52086
37104
4355269
5977198
1361695
1808977
1
1289153
2
8
1307
36
2
220
899518
49972
49
24748895
19034
6005845
22060
710045
79748
40
43
1575
7086
3
534175
2394
11788292
1016403
5
904333
2243099
0
20126170
1833252
17
21605
5
1
14546
98
9
29470
28174178
86979
2
9923074
8
727906
4532500
8534
1496
19484357
7
982381
1366055
18801053
10
18981
89
9111817
822732
1440
2
3161
1856
443028
100040
1207205
134124
62326
166
17595
31533257
188814
54
583280
0
40866
666
2132529
20
32
134163
7716596
55404
201
349356
298
873096
3819
6
8
31
1965636
3540106
117
1135768
4681644
186582
1148441
542362
52
964247
24764
858439
10703436
30261196
28237507
9342747
1791868
234946
4160346
1637
9105108
0
72588
6628
2350655
98
23305
7645
990650
0
11416
145
72384
1637518
1
1601860
1439
15398
139090
7368
536
17200344
8497
280
68477
11511504
17510003
4802
2080
12130
0
6
314073
107
7
697885
1138060
3092704
3008
188026
33
384
3245
25674
1481930
10483354
13
26425
35862110
2
947
103719
394
2333
31
1353
1750382
87194
2231
0
133
44
592
193
9031
21
376
66
2634329
1312282
13473
3237
878
31764403
2
13
4
18
98
6226732
20198
595931
7591455
133
7728570
13
57
552251
1706770
1674161
2381455
5
2069
12427172
497745
768808
38
362
34704
30481
4422915
24
181758
33123
2763
36327951
18
220705
24870
1426455
2366
108
3808
2573
1858
1250646
350
11
9868919
133220
7
960879
9
300
18438772
15442
858
7
11188153
794
417545
11
18715
31946216
4298978
22856403
23
15
4253420
900
43
1610855
10306166
2
16635
85
126
8025230
1307928
110
156
0
39
893
13049189
865597
0
46
13173
375
41928
183634
3663
4580
20359
32
883107
49930
2747
9164768
23849
90
161
775802
1
1245810
13441
14
2699069
1215714
18240
1292024
99
5136489
5750610
184
2264583
3011
43697
6285255
5684972
4451108
8085
8750366
119
970379
841773
745503
16
22059277
483
84
241090
821539
37294885
2443722
44612
15032
7
7512
908
1137
37
371
33932022
31923327
8
2538
1933406
23413
3926260
16019336
8732838
107
290
38081122
0
3
16
11095449
0
4082503
146104
375677
240406
0
34829162
2663
192
3
4002755
2
2
6251198
3916
177
28047832
2
6863
311
154878
410395
1196
17
15903805
66924
1
24471257
10
11619
966840
25
13423
14011379
55
2171546
1
2
7283
25844
0
10086
2800
2581
17
2
53700
39142
10835
771
142000
704
14100
1
274626
10037
5730999
7460490
8275654
8123
409
4
9932111
1
16600
145
36797427
31
702335
32532688
179
44957
3375989
57
34
808144
14709160
2
17517619
9933093
11
2765
105128
69
2929
2859045
383038
8166
98
57
4387
157332
2412731
40317721
17422277
1660
33618
4595
34708
148155
4
74453
190403
192
581301
254723
3849343
246
477926
133
114
117081
463
76378
0
6
5688
100620
294
168
651
9
27128
1061707
1779055
76328
1385
526441
79
3687
122731
8217
1
3842209
4664
218
3217252
14578
540
46
1354
35774128
39687
65657
4822300
4
1
270570
8
1281
1361676
1426076
17
312
47691
5691992
3
25222
1
10566
6482838
514374
291009
9235
2
2373358
651979
3292
16962813
8273
784
6
1599
8038346
1941
19080979
0
99
2945
6
4
6735
832698
16
1079187
1597158
10491
63
89204
28
26972
410
0
589668
53639
9514
8842158
325502
3873926
74593
4510
6
409809
0
0
18
3
11514
47
373
2
14548573
1
5741
20
5336
529
33791
394
6709
14
158
29148038
0
4117
3772153
43
13443
266
3412034
722317
459
766817
201436
14975
21934
991
260
34317177
1978
68
10317
24320
321955
76
117
76471
22
4789
15537358
16
8668017
2010116
8360512
270980
47777
30206
184
8
22122
1142
50
18964232
3911868
184
99576
454
750731
37478303
1696037
45922
39876850
1056708
23
160309
2935266
592016
5161
66
970564
19864085
40943
8
1
9399
12497
16922072
2
51995
13000835
0
38
1723170
39
316721
1099
5486
28390206
664
8184
98
1291
3677890
6
15
2342247
422459
8476
34164158
7369920
290352
318
35130732
21
104
6492731
89
7117329
6999131
18
3
19
632
1136
2645592
0
423797
28397
21810253
6754678
300139
853
48265
49
14660532
680558
110
809108
3
917
26632
590
176
1
6
0
1448
661
10
4
2168
1487018
142
196606
14
4922334
11234
25
3
232
24
20
0
4908
263108
6
16
787583
885640
1364
560482
30
714
105580
535
0
3
156
4
11639
812
746
33
36764161
148
1946
58
471199
9068
0
1
49883
16799
3375
13654336
189
8299945
2272
3678097
19
179
1586316
2079181
29
48325
1682
694
1
40
290
576326
351
2367184
19
332285
1936236
0
261195
2
8834956
7677908
38490
45895
2373
0
1106692
3533
152
6917
86512
13808373
26503
1191110
7738
1
614
158
2505
6872334
14644741
160006
0
427
0
17482
12370657
13
851312
883756
302
473
179426
12
4556
72562
11
122
119381
35244414
3797
21013253
291
9623
6941
1809894
18067
3498856
124907
478
224048
1
9
2821
2934
14168
39895
29863
6638
218
32728970
1065
40392
194
1
1576
760574
288082
516035
2976658
46244
63346
524990
26601
83
1105
8
18604849
29142
1606
80
1247441
1926822
29
1225
90
2
5765
0
34910721
1875360
14699
4
559286
6
8975
677
63
8344687
1687060
835
826
18
27
25579772
12893540
372312
28682113
367541
5246
10585
18313
19294
111093
1
10
2
5455465
2713304
35112248
112312
11320
587
1030605
262283
3
1097409
31
3104582
65
15065569
12
0
16862672
16612
14739749
16
258433
1942192
0
3
395742
8
2216
0
2
4451
18791219
64694
1423044
2
30023060
28194778
798
268
8702504
1224977
37450012
0
19319
5590725
40
11
1403
128
37761722
3293
1
85189
44
187
4970220
10
1439315
76
9
1390
5552
5
16773597
35
1186
1261
732
141
1045
477535
5769
1442753
41339
105
17
393570
1513286
6480
866558
5
1011
3
637
9
8
8
15409328
3303122
67088
1362
11894502
983675
2
16894
755001
12600
59913
333077
5
2278654
22783
14
339
36227
39
41
53
10
1383821
87856
140715
102150
680919
1188324
31
367759
1
23
56
112074
6538
1
1023629
1
2108
1296823
8502192
7973
8637386
126
38995979
3
3949
5
1379020
46
0
38681
159
5844
572082
8
552732
118848
262676
15996
6058
51
8899
6953
2222
19827
229
2
2
752
53675
10
2134403
1
30
309
155875
6506437
612
688870
4
360
2
150
261699
16397116
607
9
2
56145
12495930
119
2
421
175
5012
1
1
28126676
13152496
211821
24147424
220515
474469
47
7634
1848
1050667
29341
2339595
53343
82
426
8362
1026
41
32
257
359123
0
3
13
458739
5372
2990
2
4747050
4504
0
11609
10180597
1517753
985
24
14561
108
25670
81464
13437
16160285
371993
10
19939
51208
3317
12384247
97
679
314002
1
69
44479
312325
4998566
1618167
693
198180
3129298
3
27171694
31307475
1267
106465
451
1
4212
19704254
2958
8
86105
2200
0
3566
130498
350
280
807
93765
3520095
120330
26137
169316
889
759
15616
6669515
1
16090530
670
2424677
5149533
1311
263
2310010
1
1818188
1
4339983
1031
36
1129983
4375318
2754
5
1152
4
221
281
138
1742
2896419
25409
0
189570
2
379025
175
2043
33681766
5110
4
7700981
36620
2729
1624366
6
3907884
149
15805
32
148736
3981920
9325860
0
2108133
2746705
2
1615059
5115
39735577
18
94752
4610713
8679
2
2417
3133224
361
477901
51
3688566
0
1
134
462630
199411
1649421
20
19836
284642
7
1778
32344
19622285
67
346278
659552
307917
5
171370
27000950
49580
635220
2
1090627
7
1
409
172924
121549
49
15
2872
7116382
728445
36457
35
9192
289355
0
454
89468
0
0
1026545
2704383
464493
36457
28
73125
10378
3
21042
77
4
1259009
4802720
1
209
6609
30
0
113081
1
120
277
1946446
21
825393
23878
1040
258
98949
194
4
5687
4944
4758
2038615
1017284
23471149
38513562
3955
19550
1
4408720
0
34
24784
11120
242169
2
4
342
2136
84
526
2007
13605840
403938
0
1637
2661652
36501381
0
23266706
12
882
9
1657
181502
45
373765
643244
234
533
27568620
114388
1
22529982
142241
0
26801
354
29
5
23275463
14932
3884515
377
4153
3816763
5919949
32
1854
16837534
0
2660362
9341
514415
1107036
766468
62
34433
12
4484735
30898503
2
42
23375
351
342
10374
248894
9377
499
734167
43
16
50
59737
11170754
1934597
15
5516614
13769144
319283
23
400865
53752
11292
2
20979478
259038
2
222
6227
580810
5339756
7315
286531
11480
8972
3
574
0
14659225
143555
2097525
4242581
3408952
4305995
33035
14356491
215265
8628
23412
2278948
214921
25042558
4653
60
0
7041
18
6489
12
562331
1426
548
77
13281517
6500
99534
16042569
624
28474
8474
1861042
35491207
15288
18104442
4
118421
78
46
1
87046
1789589
2597
18426957
7222167
6065
247
480662
2278646
21417
7058424
43172
1356
29
42
1063
1588
4685829
25919
925591
16910
87747
4575
11220
1
466023
1053683
886
0
17167
2233612
4238389
4662358
30401
622
13
1957206
60797
110359
388186
2904
27
3
322476
1977483
925550
7756
91
92639
218
4676579
49017
10876739
2
418
164785
212
254805
14
5283291
10930018
28304117
169
13322830
54754
2
6031
0
40
2628
2138529
19453906
20688
131
12030766
31
8
39
60366
6411898
845100
58643
304
1279
4273554
1
2
473451
8
27596
15753044
0
1
417
0
15645
52490
13329278
3
11486889
1466933
11713573
1230
324227
1
1
4118
0
5848
639
13759009
26543328
261
64694
1212105
81805
10749
26290926
117801
45
39585
22
5221514
37
7599
8
19586
903028
1578
48
72950
60
3
71230
6525
52
4564132
1677
14907002
10389
1
144111
13364
1338968
159
4134552
64
35585
136
974
6
237
36
6155
6703731
11
11
20654182
14169138
5920
273098
6
20364978
311036
4852425
186
11353
2
7856320
15099
91
9663510
46374
134
37
77893
735993
101602
49667
1896
17562
40
2
6336561
32676596
868719
18643
851
6
34
2717
209018
7
318844
3937292
405689
35
89349
747380
73391
27943920
357
8
2738
99372
914
97
1321
408
4288951
97888
35881128
66770
5128394
236
0
0
832577
0
280
1756231
11273641
0
3484
17
18064235
4317920
329
16407
228
103
2525027
12117734
2212
1101
1122
6813
3980
2493
6929
12
5287285
156581
51
16332262
751
1508
21
149
47
6328342
220539
2790683
1210090
0
11128
752
119
9523406
31181782
316
12
7563
405861
69250
73787
5
2073587
17294
446404
0
20
7
43
687730
6499
24969
14614
98706
19267038
2267010
8487
72
2
17
25
954
5737566
0
3531362
2164275
679682
0
2
6156
1
346835
229
7234200
10
10494379
37
8
2081851
4176
0
4122403
282
28319405
2899933
836155
41
29557
780983
19986
2314809
3
61868
122
151
1516
3
39253254
989999
527
41518
660
4024
4636
1006144
21
67854
40
57911
766
0
15595
44750
4047
778342
69
70
4039
4
10442926
155
572612
0
8028
1423
1034
5664
52651
2992614
6876841
37930
453473
107
1035370
38
764
22590068
527
0
384
1788221
213061
39902
433637
3376882
7385
6186
253424
10949163
438809
556
4
31280
311
25862625
0
1
1
191
22259
39
343
49
30098
9120140
183767
12
5
991
179535
536096
12785509
114
14124
102558
27728
1869
1529
4
16419
0
10791213
14
21716
31519297
53
631242
22010120
3
2634
1
271
0
173
14251702
309
279940
0
4
0
1584
11206
5927752
10738
16186574
544
1565
234
0
118
18
16098
1613
30499921
13921897
1390127
3
86193
1434
54
19
55
709280
31868
14135993
7
35
18
96374
2
1
11645
3901194
35981
871412
29088
121377
4967954
244346
312026
17127030
31
173648
165777
1
3015
272409
196775
36081495
110
14
2
3259572
5046
798
10069
4426230
14621589
2
1
110818
244452
7
27882222
3
792
99327
18007372
209340
55314
584622
66
1340
1
8305661
5
7046052
3250158
56967
702660
2298
14
13337355
286809
3560
3
7
11557122
10007124
36645
2
0
152719
59
9468220
14
1896822
569474
225659
25308152
8
19480
211065
10636
1
16
8574456
24031291
2046124
1286
376120
2855618
14345
39
2
183
1626
11579
11630
53843
5
1
0
43
5009705
0
1
6882
2503235
618
196
496
2355233
21
5
7
40
74537
706442
154655
412
2779
38388
3
6
386
123750
2259
1811
15843
1708
1270
880641
5050336
1
94
23006
422
2
94316
3682
2926
25231963
2
2
27
4385836
2416085
687
6947
110322
1283
256
3
8526
4814
140452
3356136
1093
6261
1786159
19382
9223862
39429720
343
36395
44411
80
272
5301
19
46567
60
2005473
68362
276
101
11
2
42863
47690
3122578
23685187
14
3089
0
24008
13642
3
15597458
1
1388226
710691
10673
97
39
948516
4782
12146
91
7047
8770642
37663
0
309889
179
1
304147
32
4251720
33806677
51
57
1582624
12826
124
0
44
18055309
648
7342118
13814120
34800778
59595
105977
17364287
1
20974
54
3
25
1885
0
13161158
478
9
4578
0
4850742
19650710
283016
39823
3858804
605546
5404
0
3966
6
970373
768824
56
110770
155
1401206
7612414
0
6789419
2276853
1070078
7897
26245129
6922774
53
1319
9118777
13003
11
17817302
0
15
63
2318
836
973
269
0
20
530
3
551
7
15954
28426270
112129
21297938
8129195
122503
417974
11
446942
21
18448733
2
963
15
36843629
5027
13203712
38471
6
29299
4594
247
6183849
145990
26906260
1
0
4248523
60
1864
205721
1887257
812135
589551
1663
4838248
1008
23
2
23047
0
26244
11123
16722917
14
473224
170971
464446
6170
42
2954009
0
366
209436
1
3954561
1
8521
15654732
534303
151425
1
11074
758144
33097
347546
168
402429
943
177
3881
25552322
3053665
5346906
2442218
36845335
11725
153
29713562
5610
321023
2868
74615
641802
6
1
2939
1
5819
292438
69
1676
882
22708278
69316
14685
30
324757
89338
86736
1462
5
3098
216350
545
0
26275
71621
330746
296
2969
28777
8814
19946
8366793
3223
393
504
24
2382394
8154
3853992
9172
106571
171
6014
3143
13
53166
3
67
162784
22270
179216
0
122
1886110
14
20714
6930
293
1
31506
5
144
229635
1679029
200870
2425734
206
373624
939
59
14675912
1723878
66308
105
11052
14290511
1
34789936
190
31
105589
2362
177987
1552
1649228
1
4747645
41994
20
4501
1579
417774
203808
1867330
234
10024605
376
198
0
3
4534213
5928667
163811
51343
20355072
41
12146632
2150209
304
2445
136
114707
424118
228
62252
14
440359
1038266
18546089
975
143
162831
2896289
11545
1803100
3191530
36548
30565
3686
345
33624
96578
4
4323785
174786
19793247
37223026
5060210
40334150
587
13
127097
0
306
16973139
5
1788217
205941
2908201
33659
99941
2885897
24980963
32615774
5845415
34633
62807
59632
67
1633
604
475419
16
14538945
898
2
27844
806
43
11572294
50
32682480
19084360
43
23270
3
9
86
5803
20
2360256
153
230368
6228044
801419
953920
0
1345
9074
60335
1147
0
113155
195718
1615156
14719
1178
3757
1
2
5521
4726904
66
6566960
42102
60841
358
95
83
22886147
7954
191417
1559
0
2263
134
1847629
4510914
786146
34046332
1066
6732684
3315
352
15057474
60909
1200
4
15982
75778
8818
15464702
3386
3946390
0
42
1487282
3565
33572
21
23526839
981
0
96
13
109416
9408
1665
14
12
151757
16
589
6184428
736406
24
0
23
11224
951
33492
12899662
26
11
4
4
17
0
707571
48
15103472
198398
7950239
1526
18329822
25753
181532
895
0
76316
70
1
476
1502
5470346
17782
6325406
48
0
46
25878
72
513
52729
79
1704388
2274
7724
549
3848789
16
157381
6
25
12824
20
16
2909591
1
31517
2839
4
971
845828
3421
5124
19573
16
0
100
216181
47419
2843
9453
5880845
49164
621002
0
1604
1349368
6246785
734355
4540
122
9010
2
17641440
0
3143854
208459
18088
13040750
5
504158
31
123
36858561
6600928
535747
171
4735
722
61501
58274
318
1157360
305
1455899
8326
202
458
1931061
668
22969156
12
19925476
291405
2282549
70
381989
3273020
20314
5
30086
15091
1631450
1440
1412386
265440
111648
3275610
393
245
19
361
5007901
132932
1
1666
31752
4845
138141
13427540
4739
1
6173
311223
3261
0
79
10276
3132967
78
37
70709
5962
365
294
60540
65742
3
1046624
1494603
140
10851572
685438
58
305601
2031733
2821
50
4571637
1
0
434
1
60
51604
908443
87
6121255
12298
20084672
451050
1
35
16472369
26065881
22444077
1685543
6832
4
288933
37539
8549573
1
0
25612
8403
8712385
12039011
7054928
3
0
3906097
2589814
19492291
16490
0
0
15613061
1
2041
1786
53955
4
8791
2
31
508110
1361031
358
3797062
610449
362
732463
19935216
28
3
14614989
73280
14485
279
135
171
2396
564189
61130
3417808
2279
5691
1
9659964
55
7658787
3
40365
143537
269505
342
9736
753
471194
7585
5424
4465
19952265
1
79
749
3855555
9942625
4
406
45407
172
0
8
46650
12957275
158670
23738775
2887
187960
4664814
3
1220
32076
2
147
20037280
477
37582162
60817
23025475
79521
7686
378086
6949626
3
15
1589462
862689
559058
426193
0
2119127
23857365
5360
1678
296
0
16253503
8820
6
107994
35350616
9640
27
59585
6673
4
3
5230
43921
388722
1091669
1
3
211671
142
1382
155
3
8
16
2108
3631376
8554
13354
9
938968
30984
351
29757174
25144024
22259
67
2831
4786
43
95
22326
2
19
0
1219939
18780771
1
366757
1451
620888
3418432
58513
40
0
29146046
22107212
15744
18153
175
381
7492
12819212
10426245
209672
9
9
815
38905261
492092
135006
9121186
1334740
21
518574
56786
360409
6723
7
92728
48
7664752
5521828
5070688
1
39442
690994
4
83
16614166
43667
42
1277
26286087
4258
37366874
1170716
26951
48658
12663987
202031
796
12051
8738934
24722367
4206
53219
0
174666
176
39
11
4872
957098
146
215827
0
0
36370864
765
19
586
17104361
4979636
0
1320241
4081
9104
332836
1841
5177
29
193
4587
3761724
4859
1074
1854537
15803
3
357
25
14195274
393
5
5
8972
2
22886
1390
3928744
26063
26992939
210
9
4100743
3
29025487
805003
7
14326
21744035
2096711
5239
228
15800
6132036
133
182644
91
4615
74079
5677949
82501
53564
22
53076
6245
6041
95437
658151
85183
12
843
7564
10690836
1448227
252
724834
524255
32
40
3
3570927
4513394
229
310
13451169
61
613
623
4375904
30180
4790
11
1571
11
244
724319
0
1544784
511501
93
97124
8524
61
2149835
11
7383
196
4743916
1886451
442
3617
5251786
24506807
61715
10227358
1065
8670985
13
6948273
8179273
1337137
17701828
2984
1
1997176
15021
2360
4540264
32
0
24637002
26692018
24220689
634228
21368
481215
16477552
150
775
4529526
3723968
4526
3130
11
1653192
2128
4885
36
110075
83
1916888
4
607
616125
479
30853017
38234
127
7618005
842144
24
9181
17588
42036
7
218250
1104372
1259
0
756
507
1610
27
30
26537780
4
115236
7
0
16648308
140757
13751306
1448
5
27
3
88
175
231
7672
0
0
164
22
787275
979
33
97706
35
1
16646
5113986
9480
8330
1647196
3790614
1
16
1391306
14213836
112730
2
32529981
36
10
2838
2167248
4
91
32287751
88705
3363830
135094
13834
37
14
249368
444
1233027
1649
18100
30484
16881060
93193
0
0
57081
112984
52
26365
2989244
974225
87748
5955
20
6128
2157641
422956
102555
16494
54
257
1040
20
228009
21436974
4182
82
4018519
35091125
0
45418
11642
62118
4
248
929
729
469
241297
42236
72689
2035177
5
817773
8190
20973623
1700
37
5064292
1439310
71
8348
1151646
4717
728995
302
239
59
1
0
1
178882
57
4146827
21
13401
731
11178808
15167
12403
7344559
97
30196703
1895708
14
4699
64
13171
15
371
1076335
36
985
3220105
1584
62
15301728
1458590
276
2
39
8000
8
6994873
27180
34297
1369
33694561
4314887
78152
11965127
345316
1
831
175581
293
36447031
7140
6
2274
11374
2150068
90
15797
340981
2320386
4573
1
6594090
299000
279471
1537
1
3062
0
0
2
54698
4
56
1920
91
935088
12643
4775668
2858
52
3499256
893115
66261
37421
14375458
0
267
9500
3628
834366
6
3190
7718590
4797077
7100703
21323
883736
199
4102307
4400
858
196623
74
39
17987
253686
10850228
78831
19
23895
2
158
687232
1159262
14219798
2
1
4
1897946
323
6653
1488
688
861918
4779014
9
0
194
1601
1019
15
2913
13443129
90996
31
83
384930
135
186
311
821026
886
3517
5473872
23
15
18967733
0
212681
5002271
16255
27780
37
23701456
3908775
9593
22810
102
13
46
3476
11
12
117887
12132058
61710
3134908
4519832
409941
304
21897
1017998
111288
626354
969
213973
297464
388662
82395
799
62976
15
2802757
1
75768
839
44
578754
1907
0
6214
1463447
34595
37204
1939
3
58760
54
40134082
232
68
8425432
2332
396337
41556
58
3880031
23
366
58
7949
2
1412259
56401
70
2955285
4538
0
47
2345
6098414
1501868
1
41940
24299449
0
10306
60235
1667913
10
58614
4391623
8
224971
0
10407336
4717478
89
2166572
1507937
0
1074331
968
101667
39
257
9
5
13
39107
137774
849
4221847
33216081
650
0
69
136260
954227
452
10
296844
284274
5567399
1
44832
30
108413
251020
368559
12
12884
7863
18953128
103
8
2216892
3029
1
3881
8
5046
229
0
4137945
1
3847
8521413
749122
7833525
84571
98
1137190
3
85
5064510
2993727
88
0
260
2588957
71760
19334
45532
7540755
36837
0
8
3271195
0
239
306123
4459
73199
6132
2358
4
38028
12
9
1938
5073
106
47997
18910646
0
2
5971
1965774
11366107
28
3
1324836
5324250
48338
138306
2
2325
21
233
2
16730
73359
23613
6888812
309
11366039
25
4067542
0
919
84090
1950482
47
8
23073
2
3374327
610510
2195
41
11
235590
8281
320
248785
2
90
250
0
54
595
0
0
23237
706771
6
20319
568
284409
382
2249
33213
0
5279180
9
74555
35917775
124650
776
15707171
4
715
2029596
1425
19719
12
104
1261
1193
15339
5
99
8296144
28431592
2954549
46
41008
127754
20547617
344435
35843
9
556
7
31
29
0
1204
6
28079
223
13996938
27
2144
932
1
11029504
1
1
669654
11917
6681
27
57
1807118
0
5594502
6889738
3645
2
0
592366
1
212013
2844051
11092
327
26789079
87274
244
3
35
48390
226520
91993
61922
3
1545437
11
244
19512
31
1014428
36
622
77
29636838
4498047
12281613
9864491
36
710998
15678805
150
21968545
23
1974
198140
107724
39628
43
10570432
3005
21474
2107
42712
74
23
27770887
1
0
5278
6
27241141
23727
1252
0
4566263
5819938
55
158
12493030
0
38629120
8332
0
25
24755540
2163157
68
499
6151
1476
1066129
5890403
44
105
1968
220449
2888
3101051
5
30
61
31
5577768
9211915
255309
1
4750
48
4253377
747
154734
2456414
339406
443
212
61025
43
150
27630923
14777746
757637
13008761
115759
4461
9
124745
4
0
721
26
450
6183
6
780016
435
141041
4732323
887
53413
8200
3
21155069
4
19539108
22611668
274
10621
357231
10155766
542
0
139
23
1
22
5
2452
12394116
1
5153053
2
758
10
1824843
103645
118971
214436
1264457
4
4269025
0
691954
3794
32821586
83
871473
99215
4836687
1
2
45
58
202
6442
257
1
30935
3321180
0
8506
93
6080
5903
3
2941958
0
17463415
1274417
1541005
343
21
1258
1
963911
46
3601369
133
166
3850097
8675
330250
4915880
39
525547
45633
38967864
688
20
19692879
4507996
5
4618748
59
558957
19192
190707
2623454
288467
0
58
2513301
315
8718
158
125
5105284
2010141
10296988
23
58
14914
472501
23
6
1155
10227841
2535
302380
27943
402743
9
7244
25263
31797
1533777
311311
408919
8688743
32
687
6199
115753
1965
15575
1638
19588845
11923
10828215
42053
10073
17
936361
4021243
132364
19118238
0
4923582
939424
1
1766307
18968
80449
28448
100642
11996
105603
24692
0
756
260755
3346
16003354
8115936
0
6456
1834
32047189
1
14843279
34
12576430
374960
3164023
0
9846518
944
84
0
260682
20
6
44
4
428
3
855
816
273
91828
8787167
4602
14883431
12496241
192
471
7727
192665
151043
97009
657
17875477
135
0
82
46
151207
200346
232
1882162
3
16
2918765
15
6
32631
147
7
389107
562756
9
35582677
10
1302
87424
20150239
0
3
4652984
30221
638930
671279
6570750
16
3
85804
3
8789
4953505
1457680
291811
16
74
1
3
9007956
179
1075857
1000065
81
1260103
385602
26818544
612729
24051314
132016
1933
5
222169
15552899
17
32751179
2
53845
13
31907117
67038
255557
0
3953809
5635469
11
167888
56
8600521
0
559
17612793
704
856650
5592545
16279
11880056
21187
461392
2
4647708
3047
7170
22773939
15436
38280317
184
1
2
244
4402
1620767
17843654
5951
18557
0
1046226
2072
63
60
0
202
8536
69480
1003923
0
10752412
20274
135
379
99
606236
38594
15
0
7708
2582
95146
2571433
10416644
795639
295650
1656910
91450
21681392
9309717
103
136
82
2560
6537850
14
7102
3
11154204
333
15485
30994342
41
24801
17
212
2539
579
19
6366
494
161316
3689510
79
8
5
428
116288
3045761
235
12210444
2
25442
48
2963
4345
795073
0
48
1357592
3449849
182848
367
3456744
125578
5499
9
1181595
88783
190108
1667108
169928
3499979
28328111
10
4676124
8735
2
7
214
134633
81
13863596
31768
22296212
7
95472
3
137407
2002372
3
393
278251
21
17
118277
2
460
622
203906
119
30
9457091
34112966
769
26473
280798
35909369
1773
10022657
8
0
1774766
80
38
2643811
437
6276
3
4366953
16565
196
1220
970
263
195
16859
1508513
964
351
13568104
14403550
29579900
10997996
23
100
0
31233209
39741451
318
14641
807
1678
20948
2
13
21589873
91228
91303
1900
1360
25515222
760
6
362
3170
2657548
4082
514271
9242
376242
11
407161
410315
34
91537
5262467
35176694
9283
12437410
23681
44891
3025
2586442
144042
2
170
929676
3551411
2281
5498
1
86
6265259
276180
23921510
25
139
736
345842
13928
16538
565852
5406
2736
8
84531
1765769
76
790065
3057249
0
205
8926990
96
11104
272
1874
0
808103
6420348
2
2
2470572
1032
1803010
1379561
53897
2
12577722
2206886
34197145
5127235
2
6
94
5387845
1811
40364
94889
70
14798059
9
57029
1257518
298901
901
1
1240302
21
457024
3096478
122000
1033658
42186
7043
1180
183084
28333
2676987
151849
655926
373
62064
140
7412
20518371
129
0
5141367
2236762
78
7580194
1422479
238376
3116833
9
100520
706
9
5771
0
19698
6
234492
40249274
42
3
5037
622003
43143
805515
667384
37
2
9
38886
178
2951
6659596
25101
9333
12761245
650
71
278
7
13
7981
15007786
168
23542
0
599955
3006
30477398
21
25006904
0
1797267
120347
292103
8
5440681
7
502
35747
47118
1307
1125
24
9860
37
102902
907340
1
4651614
144
1233153
10220
700234
1
13136135
2452
5913752
14
40557
18
21499
8035
22
0
56507
0
39261
996
193243
19057
0
7779870
865528
19755291
1
123374
9304
26669024
3
10687
18153
327
22
0
1
872
168
126594
33
117
0
15
8577
0
1606
10567784
27
20951778
660
21893
53396
27
2456494
594075
4016407
4139
730709
59368
0
613
0
58076
2
141
258133
237061
8991
0
394285
22372
0
63475
187630
19
8734
39386911
49
51
113383
52410
7247
0
125
20254
539
1698
2674
0
31387155
28856193
3106982
0
4264448
19871366
23360496
42
34320105
9498
97
29713569
5635
11393641
71366
211
1477735
7
26514
16
1443930
1131
29724834
4626982
0
6140
163465
28792
0
3046
31380986
999801
40058118
953
25260324
45
825946
40
19549437
6897
15155638
11
3260
2842475
27172922
0
4
1370
249678
16579
1
5964840
468508
17242679
31407033
62209
7198
64281
259760
766977
6573406
28659
76179
13543
135
556
17
609
3156113
15424
91
6813
2743
4202
36020
1210938
216067
3
34
318237
0
23
314
0
77
5265
6547732
159460
464151
4929108
6713318
32296
18244
0
1668057
56
2203
32388
58
71627
1225614
7968
343
1185
1650
7493641
332
1428543
5018390
545548
12990024
32
12963
120
26
1466728
1141935
17
488
141806
1
16
7084
843766
1
16009342
124
43695
2924516
5
6184
408
94327
24956
0
99868
9
966
3593820
28
45729
0
26572930
2734
111
7
13117996
1
3
34336
4154
0
5302051
2835
1315722
3
73449
516412
18525
1269
0
623322
131195
2611
5085601
28347993
4145956
28634068
0
2219869
933898
140
18416
4182560
273889
11142418
108
36519
2017426
5293
273975
41
889555
357695
16
4
7996
169258
1
17200
68530
140522
333
452587
725
0
186076
17
2533
26060909
858795
291
4
41841
387919
1012741
33665
1381650
3
13472933
4373041
12673579
2805
13686293
105280
76836
391273
6
2606
488
8843512
4492902
1204317
245
383
252
274
33214
0
108921
15
6999045
14
143371
37784
1
43
14415
2072771
12
296
18248842
4
36717
17889713
2
11134965
44276
511
7
5
219664
0
12898
16755
0
108126
12
29675301
18
372
750
13245
2783
9856817
2230
5963682
15555
28
136197
324
21273237
439421
309329
17746
0
0
2
0
34394227
261863
18471
97517
596
53
3035855
2
928638
729871
6991
4252
43103
6328690
571519
19
3
1
145
341448
11
4
33
1084
119
104603
3307
0
7666
759
11145264
12016
63
330839
41536
1063133
6
28769934
1859913
1042
1106
11991678
15636577
28419
172229
1066688
1125
39246444
45872
23679982
16148507
33999794
0
30292
37068702
123485
818
0
10140
1013
349
3690
1056
0
5251915
36721002
3
5
15
1449
1054715
415
32
2753
102314
160
0
56992
13
4208423
2176907
6958
0
15552
1
45187
167854
0
20
1
60543
134250
10080
4122225
126
131
5560511
2178434
22
7836429
0
1
22468697
10299254
1469
1097
2065
36579496
18
846775
18403
17
4138285
8
1
100353
955182
304
4780
17
509030
19420
1003609
351392
19011796
885
1098511
22
81
1
5999719
16304
1121
1
9578
4
19075500
668479
1856085
616
5
32020
1533
81815
99155
150
3023
12
18284
1
1537
2
90
3828775
0
2958
2
10307
174286
28
327103
48741
20970
0
31
55087
2851881
62
31714
515
157058
10
5699349
857
61313
262520
25220583
81165
0
3628109
58263
9
320358
2582
43528
27
2281
451
320636
129
280
8910480
1527
26099803
123
2881167
447
17
10668
4341408
349362
406
1853793
9
39846
1207
698
28077383
11
7038
582285
436
10476
9612914
452
1
8608
2701
12
34
149
1546843
1
550429
40012
491
70
265597
44
157
320
8091279
32726799
306
19423
7407684
1718261
1482
195462
17054
56268
0
118384
19374530
2289
589448
70
4
5993
4
2556
6419
0
15
638635
206
0
2936713
55
1601
35
8
6317436
26120155
1
0
558
2450929
8671
65
31662
1625400
674164
1
2
2138391
6707608
458170
121
47208
28
74658
223
39634
570
13439185
442
273523
71134
32
1
31367542
431
104772
0
254
6562063
3564316
0
718632
560
0
579
33242
2841215
14113
15181655
5391623
5
528226
16932
4143030
120
17142648
6
4
9058
27308530
1
0
50089
3380
591
46721
636
1592723
1111436
105647
22533137
1641793
69266
3301793
44
61
122
24113399
100
923
674
33061
157978
790886
3810939
672
25338
692
12320264
1
2768
11221623
724
4893655
318134
262641
1607
47202
3
7183
167848
0
405399
10503
147
0
6473315
115
0
56
15
5
88984
3122067
1542863
9998
42
2
2
1
223930
18532
456188
1
346822
119
739198
6252053
45033
2944
947065
29154171
65
5052029
972
0
25
83844
0
0
593
70565
16540
7527175
1202907
14
5
22
552773
428385
0
4912
406
311562
8491
148770
2
91
6107
57107
2
60855
19583
83971
4729
19
21511
1
11305500
2823471
397
17714
130
3433
183291
142521
6154473
11339534
3583143
76
30393943
1418
0
304446
12
9402
1405981
58
6419680
29059926
23874699
37
5213
37222
4424150
4321
37254
268370
79
1
982254
152754
3586
34314398
435
137
3789
4559695
3106
10
432214
130139
219574
55423
63494
27259553
70
6
0
61370
28970
1918395
6160509
7701955
336307
3920
121
543752
374745
153
2960100
2
9332
1518131
80349
868
46695
2474487
19954354
14
2425588
67
8372
4873
3
0
14
191529
29522852
23542220
1
5480
2
38
79743
12
398044
760935
15
6113970
405
15
4687
33925529
1211711
254
32487224
5653081
95
4045809
286925
3373519
9317
145
28965496
156945
3802
7
49790
831757
1
2392896
3263519
172366
17744
7059231
319148
1034735
59136
172
127
2143
92
18128523
2663
2
5656410
3402053
3812385
556128
59804
31898787
562
26
12573
107457
38
3638
823
7068128
25195869
95108
3245
42093
1685
3
133697
21157
1014
322
622609
17228
16
1136768
444784
6003
334308
232922
10255
32034132
104691
101
32958112
3889
34133885
39926249
0
674
1
429796
37
341
5
16
237719
20
3103662
18541488
8
10332041
40630
6265087
171464
8119
4374322
40
1655
6957372
32
107
22662781
44487
4923786
1901312
2
1
8986
11059
10501
10
0
1992
33290180
69352
0
1433
395
30
116058
16196797
36810758
27355
91593
3303
1
1944013
19547689
1337
0
3167739
19
21304677
42
37
68695
18316563
2867813
624787
17530526
118336
24961
49
1926
36351610
2771089
2134033
5487013
29606
317
338
1290659
49
96284
27
36046887
182
53
768
0
2177569
1353674
0
247
221059
4
252
48231
24020
31335542
229
12686569
4698
6
16435512
345605
4907807
33358
10
3608104
7
2892
442
9
0
6
52
356061
491858
28
683
0
62
149
309909
572
1171
8156
3
787813
1
3
17
16
13890
25001517
1908721
8623707
231888
46
1843
20906
14
64156
3087266
296579
2990386
11
1527
31860
252206
105
319180
5389412
315112
4121
130147
652392
1
42350
20
16
1
11350
2360163
73
1268329
4
238261
854
4852198
77
1
0
1
683
1921
1740
4103
32353
30
67
9022233
5796487
36
1690869
43653
11199052
512
0
5207210
5792
2266
108
1276
7
21733328
298
28
88
2
8933
37946394
1353
939916
24249
14458816
2353137
215
222914
15
411045
13953548
2
116209
24
1962837
2947
30060
278656
38558
127
1436238
10
1672628
12637598
38649
10959
0
3551159
627
1332
6651
0
15
151186
19172
147659
5770662
803453
75
237011
213
286
3023
100
6346289
9640
5
2
12
234
59549
10214926
17
25958011
856564
1049154
14
0
38728388
4
10005
7150631
18979
17
489
34002464
2
318814
802018
8254
41
6489
3
5310
1882140
3
720623
1
145
232787
21850570
666397
922924
388515
105
320
164
32054944
213
65601
1
1
370091
19
1126348
296844
282077
860
33780862
3441
2694649
15
0
0
2542
77
95696
441
8306052
15
986870
84
1659244
0
142
148527
9565
5739023
156
0
52
4728212
10608
70667
11888815
180
7586657
107691
183
15
6232950
18438
22856662
29
436
1516338
4483
41401
284206
103889
8463953
39683439
3099352
28663
840114
2605133
1052622
1151
14457930
820394
76625
3
1962
29952717
45299
0
279018
3194544
11374
2089002
3318860
337
103223
612233
18
6538428
79
30316073
1746720
29467
5578066
22438345
18625
3396
157958
95706
2635
1694
34002408
2
2153
229
7369686
166874
1622
33983662
11757
816625
7
212
865
73953
90
4069
4704285
4884
1
2610876
20605070
13558
316
171299
30169
7
876215
17757067
35813
440
18910268
33319224
8767
21723
76
30569
44073
0
1143
665
281829
12782
3
13018
27
262972
75580
0
1811923
112232
2861922
349300
15
15
10533997
35474784
1
10753209
75694
2731
120
1146
18
173
29122
702595
440
538176
233178
28882
17257021
2032886
0
7
18
0
8
13725
1635824
0
61
1464725
2693
11582
602739
20711866
596079
8
0
349594
31873895
25061
33900963
1
4148
719433
2751
1
2223248
116
30639
466309
809
1
56
2398256
1
0
479
797076
4342
0
14125
633589
29009
2
111
16987
13852183
650970
16936830
22442327
435265
6013
53
47398
0
56261
6210643
28441814
31
639
93352
82972
0
798
252
7
1548
11812
10
330954
13641843
846
7
3
166068
743940
6
1046
25046436
76274
450836
51757
32464
3518
58
19885495
187007
29388446
443
12145
41
8
0
1
222
41
3326
586
262644
1891
0
3546
11584
7764137
590006
15
303443
24439791
3473836
17194
337
0
8903
8090223
3670251
1
37438
620
2963
5760
92
11
0
14812762
8
30
10824927
163
2347371
6165732
544326
584696
674
23144783
3524590
11252819
11
32
0
2459145
1806994
25729724
2787008
5847
26
2
11904112
35797
12831179
3592701
7010897
3741098
0
10
74480
0
2927
664
4299
846644
1194
39612796
0
8658973
946016
7137436
298824
7
22081401
602
2319
202989
14391431
7
12
53
503
736726
61674
144
373
5535510
379
225
26185
1149
986150
16279
13271143
294555
41
91842
1
4423
74
47775
17021
1719916
557
24328907
82
12177
100209
1281
1
36991305
14503
5179
20610
639700
12610773
3544
0
21311
39
21
182
12920
8
56152
1
2745
81
4
16
373
2384
36
22
7638728
5355
7748
182
6
15082
40
1212
173880
20189174
23850141
17
493007
4153
4362823
48234
56755
28
8503
26569225
202
5897
10
6614008
343634
347
0
0
1695774
2965
114
34931899
2096
979152
28685
4494
27860888
291
7
2152
0
28463396
26881405
5
2265
5162910
32968075
871468
89831
7983003
11123
16400448
24932
10
380
494
4347947
35
220308
2420241
1
17109
135873
0
10550322
15752
0
522809
11171
16141690
22865
20687
79
21441031
125993
101630
5114400
39956
0
33380334
649
59
94
6320488
3179
55742
1
42
0
1077413
24
16468339
399123
985
27
33258371
119706
39805
1930
1103195
552
673040
2651
4
64
20
2410652
9
127447
108043
1996
7462584
20
2
0
60381
4
148902
13069848
561
10818
18096576
143009
15
19
1754
35529130
67063
0
1039
624375
206
58446
6
4968436
1296696
1661573
1325
12
661893
13
13764765
1055
28082440
381
3
8261
3
15062277
15043540
204496
1
24429
7729163
58
1052898
114709
575417
1360226
649648
23461699
36116
248
35212690
18116
1721
4447
79
152
1680884
894458
3
11282
51
195108
1525366
212
6
3393048
51
12
77
26630
146
169
2222951
9
5237832
276
9712
3
15682534
12127
1666866
13603
2704
244
1317803
113875
712245
107336
8
3039
18274913
17135
1
1362
3436171
550844
315
437905
544
199623
2536080
60
34084
7063
0
1669
143
25
0
189235
774
243430
2
10559
148
536857
218
10716
2
100
5168
8375
3416469
0
19327
85
27172
255
2006
3182
8954
15
91
313941
4428020
386
1123855
14383
277941
4
2
423347
16648
31279502
7076
414396
1747884
52
185
786
949
6296
0
3935
2788413
32683054
25666218
398
1717658
1
124753
16
3999
11645429
17855
1038081
980618
0
846
1054
48301
16550012
279387
5
140
0
0
1331
8
483
32473
249844
22
3
4023
789
245
6
1588
18939
20
149204
5348036
0
5
3819
19
587
781670
1533
663
11
3
1762692
14164
156
3913
238078
86405
678534
672
571344
5930015
7963265
1
135957
86440
9
1
269811
1934
757533
1368228
9216
19
3
58487
1540868
66
157714
12
24927
19618470
1
507
62229
1957898
23960596
3053246
526000
2475
920072
245936
27181600
490
15979
5478
437436
252
164
664
1509192
2414750
2172211
646
163
431234
3412
1
2
59
311
327167
1323096
35185
43511
2862825
0
0
2
1308935
0
443
0
2034609
2901393
98
0
2
9730815
18708
78005
7
1577
12454
687484
9
28056210
1043
23504
9779
12411
4186
1
302184
16808331
172
673
7
774
37019
303299
8630
3186494
0
5750
111905
0
4877
3599345
394458
33551765
21459
581171
5369
17783124
1
191695
1746182
115
4584
1535
260536
96177
7
30940006
2656
271881
1691759
5
37848
153509
25
13646
635
524378
2340
9
4596380
1575
15
118
7790953
24
7
1507
0
8526
3304
2
6839
26213094
121973
26338
6135952
10638275
4081386
1118
219
9
26
274425
1654951
4878
1
2867861
830417
6488
31428752
270
667
2068
81
63
8
2
813424
176
147637
519866
0
232
293
54
208
108
109
5
23742
0
1922
7
490685
5573093
2
5
415
41
2
2
50632
275850
1750569
543327
21800695
2921
1292
0
17415552
0
1
9262
790077
3850648
108283
17226
0
36
1
2
159
60964
92
1569
2312928
174
10621801
218
2160
80
35628800
3923
3
1598
43542
9902
21
805772
1
319199
13808793
45600
236
920
86544
146
4
3
18
9341825
327309
36
9
2
10121
91752
4
14501981
2216284
18
193
16565
269
2749393
1
36349
1369
205097
6586265
11528
1361
38
7
4
5
36
125
5145
782
266456
397
34258
288
333254
85448
5
422
1111
30
98211
9
35555172
648
434
109167
349
618505
3
163
10
1
8406
48
4050678
7875639
37353935
2339
48032
85288
310
294663
29718
7154759
6
1564512
37
189282
58286
10101
819375
1629
8997822
15
1
60
0
29879526
6
1948575
94
637
26260
2
354
610507
2038
213480
5556
